15960 28
15962 28
15985 28
15986 28
16304 28
16305 28
16306 28
16307 28
16308 28
16309 28
16337 28
16338 28
16339 28
16342 28
16344 28
16345 28
16385 28
16386 28
16395 28
16422 28
16423 28
16424 28
16426 28
16467 28
16469 28
16470 28
16471 28
16472 28
16520 28
16784 28
16785 28
16787 28
16789 28
16799 28
16800 28
16801 28
16802 28
16804 28
16805 28
16814 28
16815 28
16816 28
16821 28
16949 28
21596 30
21631 30
21705 30
21707 30
21708 30
21723 30
21724 30
21884 30
21885 30
21886 30
21898 30
21899 30
21900 30
21901 30
21912 30
21913 30
21914 30
21915 30
21916 30
21917 30
21919 30
21926 30
21927 30
21928 30
21929 30
21930 30
21933 30
21934 30
21944 30
21945 30
21946 30
21947 30
21948 30
21949 30
21950 30
21951 30
21952 30
21953 30
21966 30
21967 30
21968 30
21969 30
21970 30
21971 30
21979 30
21980 30
21981 30
21982 30
21983 30
21984 30
21985 30
21986 30
21987 30
21999 30
22000 30
22001 30
22002 30
22003 30
22004 30
22005 30
22006 30
22007 30
22008 30
22009 30
22010 30
22011 30
22012 30
22018 30
22021 30
22024 30
22025 30
22026 30
22027 30
22028 30
22029 30
22030 30
22031 30
22032 30
22033 30
22034 30
22038 30
22041 30
22044 30
22045 30
22046 30
22047 30
22048 30
22049 30
22050 30
22051 30
22052 30
22053 30
22054 30
22055 30
22058 30
22059 30
22060 30
22061 30
22062 30
22063 30
22064 30
22065 30
22066 30
22067 30
22068 30
22069 30
22070 30
22071 30
22072 30
22073 30
22074 30
22075 30
22083 30
22084 30
22085 14
22087 30
22088 30
22089 30
22090 30
22091 30
22092 30
22093 30
22094 30
22095 30
22096 30
22097 30
22098 30
22099 30
22109 30
22110 30
22112 30
22113 30
22114 30
22115 30
22116 30
22117 30
22118 30
22119 30
22120 30
22121 30
22123 30
22130 30
22133 30
22136 30
22137 30
22138 30
22139 30
22140 30
22141 30
22142 30
22143 30
22144 30
22145 30
22146 30
22153 30
22156 30
22157 30
22158 30
22159 30
22160 30
22161 30
22162 30
22165 30
22171 30
22172 30
22173 30
22174 30
22175 30
22176 30
22177 30
22179 30
22183 30
22184 30
22185 30
22186 30
22187 30
22188 30
22190 30
22193 30
22194 30
22201 30
22202 30
22203 30
22204 30
22205 30
22206 30
22207 30
22216 30
22217 30
22218 30
22231 30
22232 30
22233 30
22234 30
22240 30
22241 30
22328 30
22329 30
22346 30
22362 30
22364 30
22374 30
22378 30
22380 30
22386 30
22388 30
22393 30
22407 30
22410 30
22412 30
22502 30
22523 30
22549 30
22550 30
23205 30
23229 30
28426 30
28427 30
28783 30
28785 30
28786 30
28787 30
28805 30
28806 30
28807 30
28808 30
28809 30
29373 30
29374 30
29386 30
29387 30
29427 30
29428 30
29429 30
29442 30
29443 30
29792 30
33218 30
33219 30
33237 30
33238 30
33262 30
33263 30
33264 30
33293 30
33294 30
33295 30
33667 30
33668 30
33671 30
33694 30
33695 30
33696 30
33722 30
33723 30
33724 30
33725 30
33746 30
33747 30
33748 30
33764 30
33765 30
33766 30
33767 30
33768 30
33769 30
33770 30
33771 30
33772 30
33773 30
33774 30
33775 30
33787 30
33788 30
33789 30
33790 30
33791 30
33792 30
33793 30
33794 30
33795 30
33796 30
33797 30
33798 30
33799 30
33800 30
33801 30
33809 30
33810 30
33811 30
33812 30
33813 30
33814 30
33815 30
33816 30
33817 30
33819 30
33820 30
33821 30
33822 30
33854 30
33855 30
33856 30
33894 30
33895 30
33896 30
33897 30
33898 30
33899 30
33900 30
33901 30
33927 30
33928 30
33929 30
33930 30
33931 30
33932 30
33990 30
33991 30
33992 30
33993 30
34004 30
34005 30
34059 22
34060 22
34079 30
34080 30
34081 30
34082 30
34113 30
34115 30
34116 30
34138 30
34139 30
34141 30
34142 30
34164 30
34166 30
34199 30
34200 30
34225 30
34226 30
34262 30
34263 30
34264 30
34294 30
34295 30
34320 30
34321 30
34322 30
34342 28
34343 28
34344 28
34373 30
34374 30
34375 30
34402 30
34403 30
34404 30
34405 30
34446 30
34447 30
34469 30
34470 30
34491 30
34492 30
34509 30
34510 30
34785 30
34801 30
34802 30
34803 30
34804 30
34831 22
34832 22
34833 22
34855 30
34856 30
34857 30
34881 30
34882 30
34883 30
34906 30
34907 30
34908 30
39667 30
39668 30
39694 30
39695 30
39696 30
39724 30
39725 30
39726 30
39753 30
39754 30
39790 30
39791 30
39811 30
40231 30
40268 30
40331 30
40363 30
40420 30
40447 30
40471 26
40502 30
40545 30
40546 30
40808 30
40809 30
40833 30
40834 30
40887 30
40888 30
40915 30
40916 30
41015 30
41082 26
41083 26
41118 30
41138 28
41189 30
41978 30
41979 30
41980 30
45841 30
45870 30
45871 30
45900 30
45901 30
45931 30
45932 30
45933 30
45956 30
45957 30
46330 30
46353 30
46354 30
46355 30
46381 30
46382 30
46383 30
46406 30
46408 30
46409 30
46434 30
46435 30
46437 30
46438 30
46462 30
46463 30
46464 30
46465 30
46488 30
47037 30
47077 30
47078 30
47079 30
47132 30
47133 30
47134 30
47135 30
47180 30
47181 30
47182 30
47228 30
47229 30
47230 30
47258 30
47259 30
47289 30
47291 22
47320 30
47321 30
47322 30
47323 30
47351 26
47352 26
47353 26
47354 26
47723 14
47724 14
47725 14
47741 30
47742 30
47743 30
47744 30
47747 30
47748 30
47751 30
47752 30
47753 30
47770 14
47771 14
47774 14
47775 14
47776 14
47802 30
47803 30
47804 30
47805 30
47806 30
47807 30
47808 30
47809 30
47810 30
47811 30
47812 30
47827 30
47828 30
47829 30
47830 30
47831 30
47832 30
47833 30
47834 30
47835 30
47836 30
47837 30
47857 30
47858 30
47859 30
47860 30
47861 30
47862 30
47863 30
47864 30
47865 30
47866 30
47888 30
47889 30
47890 30
47891 30
47892 30
47912 30
47913 30
47914 30
47915 30
47916 30
47917 30
47946 30
47947 30
47948 30
47949 30
47950 30
47973 30
47974 30
47975 30
47976 30
47977 30
48001 30
48002 30
48003 30
48004 30
48029 30
48030 30
48053 30
48054 30
48055 30
48056 30
48057 30
52061 30
52500 30
52501 30
52533 30
52558 30
52559 30
52583 30
52584 30
52608 30
52609 30
52610 30
52611 30
52612 30
52613 30
52634 30
52635 30
52659 30
52660 30
52683 22
52684 22
52703 30
52704 30
52705 30
52719 30
52720 30
52745 30
52746 30
52747 30
52764 30
52781 30
58895 30
58896 30
58946 30
58947 30
58948 30
58993 30
58994 30
58995 30
59030 30
59031 30
59099 30
59100 30
59355 30
59356 30
59357 30
59412 30
59413 30
59469 30
59470 30
59526 30
59569 30
59570 30
59571 30
59644 30
59645 30
59847 30
59848 30
59849 30
59909 30
59910 30
59971 30
59972 30
60211 30
60212 30
60263 30
60264 30
60838 30
60839 30
60901 30
60902 30
60935 28
60936 28
60970 28
60971 28
60972 28
60973 28
61018 30
61019 30
61020 30
61076 28
61077 28
61133 14
61134 14
61349 30
61409 30
61424 30
61440 28
61456 30
61513 30
61530 30
65104 30
65105 30
65179 30
65180 30
65253 30
65254 30
65332 30
65402 30
65455 30
65456 30
65503 30
65504 30
65862 14
65863 14
65864 14
66006 14
66007 14
66008 14
66128 14
66129 14
66130 14
66131 14
66132 14
66133 14
66202 14
66206 14
66623 30
66624 30
66674 30
66675 30
66676 30
66720 14
66721 14
66722 14
66767 26
66768 26
66769 26
66805 30
66806 30
66807 30
66808 30
66847 30
66848 30
67119 30
67124 30
67166 30
67167 30
67168 30
67220 30
67221 30
67309 30
67310 30
67311 30
67614 14
67615 14
67695 14
67696 14
67697 14
67731 14
67732 14
67733 14
67775 14
67776 14
68335 22
68336 22
68452 30
68453 30
73160 30
73220 30
73221 30
73222 30
74170 30
74172 30
74173 30
74258 30
74259 30
74261 30
74263 30
74353 30
74355 30
74357 30
74448 30
74452 30
75051 30
75052 30
75053 30
75155 30
75279 30
75281 30
75413 30
75415 30
75417 30
75419 30
75544 30
75545 30
75546 30
75889 30
75890 30
76022 30
76023 30
76024 30
76025 30
76121 30
76122 30
76123 30
76124 30
77269 30
77270 30
77507 28
77508 28
77509 28
77587 28
77588 28
77589 28
77686 28
78141 30
78306 28
78315 28
78510 30
78584 30
78730 28
78794 28
78799 28
89398 30
89400 30
89481 30
89487 30
89577 30
89578 30
89581 30
89586 30
89925 30
89926 30
90144 30
90146 30
90152 30
90216 30
90220 30
90222 30
90425 30
95716 30
95871 30
110042 28
110043 28
110044 28
110045 28
110046 28
110090 28
110096 28
110097 28
110098 28
110137 28
110143 28
110144 28
110145 28
110146 28
110179 28
110180 28
110181 28
110182 28
113007 28
119543 30
119547 30
119549 30
119740 30
119741 30
119742 30
119770 30
119771 30
119773 30
122046 30
122047 30
122048 30
122050 30
122146 30
122147 30
122148 30
122149 30
122150 30
123386 30
123387 30
